<?xml version="1.0" encoding="UTF-8"?>
<svg width="304px" height="330px" viewBox="0 0 304 330" version="1.1" xmlns="http://www.w3.org/2000/svg" xmlns:xlink="http://www.w3.org/1999/xlink">
    <title>koszulka_A_krotki</title>
    <g id="Symbols" stroke="none" stroke-width="1" fill="none" fill-rule="evenodd">
        <g id="koszulka_A_krotki">
            <path d="M151.506252,2.5005092 C152.528041,2.50047842 153.565513,2.50681222 154.613954,2.51931227 L155.665875,2.53386039 C157.60046,2.56427329 159.566622,2.61518944 161.535297,2.68538678 L162.609194,2.72558107 C176.747518,3.2797896 190.742838,4.81703213 193.828308,6.88461501 C194.183912,7.1228695 194.524542,7.38066928 194.87785,7.64844015 C196.473774,8.85798397 198.347647,10.2714035 203.350039,10.8736177 C230.336181,14.1376655 252.840202,21.0687626 264.47811,30.1662127 C269.309775,33.9466373 277.899238,41.1714655 281.476134,52.4073676 C283.550755,58.8791073 287.97047,77.9394771 292.267228,98.1488891 L292.547252,99.4684058 L293.024158,101.727005 C293.182823,102.480827 293.341119,103.235303 293.498987,103.990164 L293.498987,103.990164 L293.970718,106.253104 C297.026828,120.961433 299.846663,135.472756 301.493311,145.43849 C294.524192,148.14225 284.944755,150.944393 275.182301,153.685236 L275.182301,153.685236 L273.161644,154.250956 L271.14157,154.81342 C262.730848,157.148984 254.467979,159.365556 248.125058,161.004108 C246.257807,156.306408 244.668834,150.520604 243.090238,144.628933 L243.090238,144.628933 L242.726405,143.268493 L242.363922,141.908151 C240.480084,134.825754 238.686311,127.885763 237.568297,123.39463 C236.658896,128.49013 235.385861,137.657789 234.233233,147.006913 L234.073232,148.312228 L233.916878,149.602694 C232.933707,157.764951 232.076722,165.791811 231.668527,171.098348 C230.669665,184.083558 229.610367,211.162723 230.60923,229.142265 C230.983253,235.87467 232.041811,248.114435 233.220056,261.739881 C233.513876,265.137682 233.815114,268.621551 234.115041,272.127721 L234.243475,273.631546 C234.286243,274.133152 234.328959,274.635027 234.371597,275.136985 L234.499253,276.642925 C234.562939,277.395833 234.626393,278.148511 234.689529,278.900331 L234.815353,280.40264 C236.256866,297.66176 237.5,314.245579 237.5,322.52 C212.362233,325.269135 186.348339,327.02 152,327.02 C117.651661,327.02 91.6377671,325.269135 66.9545865,323.017933 C66.5133702,314.140847 67.7791042,297.192643 69.2468213,279.675375 L69.3807647,278.081537 L69.5717902,275.822727 C69.9734045,271.089461 70.3829184,266.356195 70.7789242,261.779062 C71.9575774,248.155896 73.0166395,235.916611 73.3907698,229.182265 C74.3896333,211.202723 73.3303351,184.123558 72.3314728,171.138348 C71.9382547,166.026513 71.1285664,158.384081 70.1908536,150.529494 L70.1908536,150.529494 L70.0375933,149.253274 C70.0118845,149.040439 69.9860934,148.827541 69.9602673,148.614965 L69.9602673,148.614965 L69.8041457,147.337273 C69.7779943,147.124468 69.7517778,146.911736 69.725544,146.699465 L69.725544,146.699465 L69.5671766,145.425251 C68.4693479,136.641797 67.2894205,128.221029 66.4322467,123.430385 C65.3144654,127.92276 63.5203153,134.864252 61.6360213,141.948366 L61.6360213,141.948366 L61.2734783,143.308932 L60.909702,144.669158 C59.3311655,150.560604 57.7421927,156.346408 56.4802249,160.699227 C49.5320208,159.405556 41.2691523,157.188984 32.8580952,154.853327 L32.8580952,154.853327 L30.837672,154.290765 L28.8173487,153.725138 C19.0552454,150.984393 9.47580778,148.18225 2.84598472,146.035688 C4.15333413,135.512773 6.97316542,120.993866 10.029336,106.276554 L10.029336,106.276554 L10.5010665,104.012272 C10.6874048,103.120747 10.8744347,102.229315 11.061948,101.338941 L11.4845814,99.337794 C15.858411,78.6861532 20.4093151,58.9981765 22.5237181,52.4078305 C26.1008564,41.2115897 34.6397478,33.9870199 39.5220659,30.1660754 C51.1598021,21.0687596 73.6537888,14.1376639 100.650239,10.8735842 C105.677246,10.2684068 107.558249,8.84394268 109.155474,7.6285108 C109.821865,7.12826609 109.994168,7.0047511 110.171663,6.88463481 C112.917343,5.04474582 124.300937,3.62451878 136.565501,2.94341107 L137.603866,2.88761928 L137.603866,2.88761928 L138.645386,2.83538924 C139.688136,2.78495436 140.734056,2.73992639 141.778466,2.70049812 L142.822199,2.66294355 C142.996012,2.65699793 143.169741,2.65120965 143.343362,2.64557958 L144.383633,2.61370505 C144.729847,2.60371786 145.075459,2.59437071 145.420296,2.58567075 L146.452311,2.56151953 C148.167885,2.52452721 149.859756,2.50389291 151.506252,2.5005092 Z" id="Path" stroke="#3E414A" fill="#F7F8FC" fill-rule="nonzero"></path>
            <path d="M193.55,7.3 C195.55,8.64 197.06,10.62 203.29,11.37 C230.16,14.62 252.58,21.5 264.17,30.56 C268.95,34.3 277.46,41.44 281,52.56 C284.85,64.56 296.78,120.02 301,145.56 C287.75,149.85 262.71,156.76 248,160.56 C244.75,149.35 239.33,128.63 237.51,121.1 C239.16,113.39 240.79,106.73 243.19,95.25 C244.68,88.13 258.52,40.18 184.29,27.49 C190.299641,22.5285442 193.710631,15.0914072 193.55,7.3 Z" id="Path" fill="#DF0021" fill-rule="nonzero"></path>
            <path d="M110.45,7.3 C108.45,8.64 106.94,10.62 100.71,11.37 C73.84,14.62 51.42,21.5 39.83,30.56 C35.05,34.3 26.54,41.44 23,52.56 C19.15,64.56 7.22,120.02 3,145.56 C16.25,149.85 41.29,156.76 56,160.56 C59.25,149.35 64.67,128.63 66.49,121.1 C64.84,113.39 63.21,106.73 60.81,95.25 C59.32,88.13 45.48,40.18 119.71,27.49 C113.700359,22.5285442 110.289369,15.0914072 110.45,7.3 L110.45,7.3 Z" id="Path" fill="#DF0021" fill-rule="nonzero"></path>
            <path d="M152,322.45 C117.7,322.45 91.72,320.71 67.07,318.45 C67.07,319.96 67,321.32 67,322.51 C91.67,324.76 117.67,326.51 152,326.51 C186.33,326.51 212.33,324.76 237,322.51 C237,321.32 237,319.96 236.93,318.45 C212.28,320.76 186.3,322.45 152,322.45 Z" id="Path" fill="#DF0021" fill-rule="nonzero"></path>
            <path d="M58.16,152.86 C57.77,154.27 57.39,155.63 57.03,156.91 L3.62,141.91 C3.85,140.58 4.1,139.2 4.36,137.75 L58.16,152.86 Z" id="Path" fill="#F7F8FC" fill-rule="nonzero"></path>
            <path d="M245.84,152.86 C246.23,154.27 246.61,155.63 246.97,156.91 L300.38,141.91 C300.15,140.58 299.9,139.2 299.64,137.75 L245.84,152.86 Z" id="Path" fill="#F7F8FC" fill-rule="nonzero"></path>
            <path d="M152,35.7 C145,35.7 130.67,33.57 121.34,25.55 C116.327001,21.4147006 113.297328,15.3517219 113,8.86 C117.94,7.21 134.47,5.51 152,5.51 C169.53,5.51 186.07,7.21 191,8.86 C189.77,30.83 162.61,35.7 152,35.7 Z" id="Path" fill="#AFB6CA" fill-rule="nonzero"></path>
            <path d="M152,8 C167,8 182.09,9.35 188.31,10.72 C187.26,17.9 182.82,23.58 175.08,27.63 C167.895274,31.1774782 160.011796,33.083449 152,33.21 C145.81,33.21 131.77,31.21 123,23.65 C119.017776,20.4335833 116.402194,15.8277294 115.68,10.76 C121.9,9.39 136.98,8.04 152,8.04 M152,3.04 C135.59,3.04 114.33,4.74 110.45,7.34 C110.298705,15.1181021 113.709081,22.5391683 119.71,27.49 C129.35,35.76 144.13,38.21 152,38.21 C164.31,38.21 193.55,32.13 193.55,7.3 C189.67,4.7 168.41,3 152,3 L152,3.04 Z" id="Shape" fill="#DF0021" fill-rule="nonzero"></path>
            <path d="M137.54,67.76 L137.92,94.87 C138.070065,96.5432746 139.000243,98.0478653 140.43,98.93 C141.486863,99.5303623 142.697508,99.8051927 143.91,99.72 C144.43,99.72 147.37,99.72 148.91,99.72 C149.99,99.72 151.8,100.5 151.91,101.72 L152.17,101.72 C152.28,100.26 154.08,99.72 155.17,99.72 C156.65,99.72 159.6,99.72 160.17,99.72 C161.382492,99.8051927 162.593137,99.5303623 163.65,98.93 C165.079757,98.0478653 166.009935,96.5432746 166.16,94.87 L166.46,67.76 L137.54,67.76 Z" id="path2161" fill="#DF0021"></path>
            <path d="M149.61,69.54 C149.993374,70.2876208 150.301553,71.0714674 150.53,71.88 C151.005502,71.8649933 151.481295,71.8984998 151.95,71.98 C152.41143,72.0901779 152.888306,72.1206168 153.36,72.07 C153.52628,71.1542464 153.865676,70.278605 154.36,69.49 C154.14,69.64 153.66,69.7 153.47,69.98 C153.19,69.73 152.97,69.89 152.83,70.15 C152.88,69.94 152.83,69.76 152.54,69.75 C152.7,69.44 152.45,69.29 152.18,69.42 C152.18,69.16 151.96,69.15 151.95,69.01 C151.95,69.18 151.72,69.09 151.75,69.49 C151.54,69.32 151.33,69.43 151.41,69.74 C151.15,69.74 151.08,69.95 151.1,70.21 C151.067365,70.0770297 150.962127,69.9740822 150.828471,69.9443808 C150.694815,69.9146794 150.55588,69.9633664 150.47,70.07 C150.27,69.66 150.11,69.92 149.63,69.54 L149.61,69.54 Z" id="path3360" fill="#F6D155"></path>
            <path d="M153.77,71.64 C153.47,72.15 153.34,72.19 152.02,71.98 C151.02,71.88 150.02,71.59 150.02,72.53 C150.525187,72.5071015 150.974929,72.8475601 151.09,73.34 L150.45,73.89 C150,73.96 149.29,74.56 148.82,74 C148.69,74.53 149.18,74.68 149.68,74.65 C150.03,74.65 150.15,74.52 150.81,74.39 L150.98,74.58 C151.98,74.66 152.49,76.09 150.88,76.92 C150.810078,77.0994715 150.893807,77.3021844 151.07,77.38 C150.6,78.04 149.83,78.87 149.55,78.32 C149.383627,78.5668621 149.43116,78.8995968 149.66,79.09 C149.397773,79.4173068 149.269156,79.8317399 149.3,80.25 C148.24,80.09 147.54,79.91 147.78,78.91 C148.91,78.91 149.22,77.6 149.05,76.91 C148.39,74.14 144.82,71.91 142.22,71.85 C142.392659,72.5561763 142.789045,73.1875876 143.35,73.65 C142.653955,73.2295526 141.837439,73.0535794 141.03,73.15 C141.12,73.75 141.45,74.44 142.8,75.57 C141.982748,75.1585737 141.239341,74.6145346 140.6,73.96 C140.46,74.15 140.38,74.96 141.22,75.49 C140.549152,75.3553382 139.853491,75.4214259 139.22,75.68 C139.755291,76.5038092 140.540274,77.1345988 141.46,77.48 C140.579451,77.3493849 139.754102,76.9713887 139.08,76.39 C139.007368,77.0411161 139.380368,77.6600499 139.99,77.9 C139.424678,77.9664882 138.886733,78.1802869 138.43,78.52 C139.096854,79.2572876 140.011589,79.7235532 141,79.83 C140.22494,79.9153791 139.440693,79.8508739 138.69,79.64 C138.69,79.87 138.5,80.8 140.99,80.64 C140.1,81.05 138.76,81.93 138.55,82.7 C139.61203,82.9539999 140.725488,82.8878884 141.75,82.51 C139.39,83.95 139.02,84.1 138.58,84 C139.16,85.21 140.58,84.39 141.72,83.72 C140.26,85.72 140.02,86.72 140.05,88.06 C141.23,87.92 142.94,86.23 143.85,84.79 C142.79,86.96 142.17,88.7 141.02,89.21 C142.33,89.73 143.45,88.09 144.24,86.35 C143.94,87.45 143.81,89.79 144.24,90.35 C145.42,89.55 146.32,87.77 146.92,85.73 C146.752092,86.7468607 146.508073,87.7496794 146.19,88.73 C146.95,88.88 147.34,87.51 147.6,86.73 C147.628737,86.7880542 147.66967,86.8392198 147.72,86.88 C148.486995,86.0862554 148.94154,85.0422221 149,83.94 C149.49833,84.1392511 150.065641,84.0510878 150.48,83.71 C150.598678,83.9442255 150.686091,84.193018 150.74,84.45 C149.79,83.67 148.74,84.45 148.74,85.74 C148.612647,86.4166171 148.210822,87.0103037 147.63,87.38 C147.707902,87.4449099 147.809565,87.4739567 147.91,87.46 C147.788754,87.6800321 147.637282,87.8819946 147.46,88.06 C147.522816,88.0714449 147.587184,88.0714449 147.65,88.06 C147.48146,88.3373897 147.239097,88.5624414 146.95,88.71 C147.035731,88.7825765 147.139307,88.8309121 147.25,88.85 C147.050651,89.0921036 146.797161,89.2839338 146.51,89.41 C146.877088,89.6496916 147.312766,89.7621244 147.75,89.73 L147.75,89.73 C147.552886,90.0791255 147.252445,90.3586051 146.89,90.53 C146.976428,90.6089241 147.095102,90.6423013 147.21,90.62 C146.96894,90.8947927 146.667822,91.1103658 146.33,91.25 C146.39702,91.3198033 146.495332,91.3500532 146.59,91.33 C146.37633,91.6227672 146.069588,91.8343132 145.72,91.93 C145.8,92.09 145.98,92.07 146.13,92.07 C146.01,92.32 145.64,92.41 145.27,92.49 C145.55,92.57 145.74,92.72 145.58,92.68 C145.466003,92.8249243 145.294239,92.9126337 145.11,92.92 C144.86,92.92 143.96,92.64 143.6,92.76 C143.473265,92.5445393 143.239909,92.4144724 142.99,92.42 C142.669173,92.3938736 142.38025,92.6138002 142.32,92.93 C142.27,92.93 142.05,92.86 142.08,93.12 C142.11,93.38 142.17,93.4 142.64,93.58 C142.735936,93.5968127 142.834064,93.5968127 142.93,93.58 C143.119116,93.562949 143.297821,93.4858604 143.44,93.36 L143.44,93.36 C143.660341,93.387585 143.87784,93.4344309 144.09,93.5 C143.71,93.5 143.58,93.74 143.37,93.89 L143.12,93.89 L143.12,93.89 C143.073839,93.8802881 143.026161,93.8802881 142.98,93.89 C142.65943,93.9503195 142.423014,94.2240641 142.41,94.55 C142.389949,94.615159 142.389949,94.684841 142.41,94.75 L142.41,94.81 C142.372318,94.8361624 142.349844,94.879126 142.349844,94.925 C142.349844,94.970874 142.372318,95.0138376 142.41,95.04 C142.615584,95.1213177 142.844416,95.1213177 143.05,95.04 C143.343433,95.0164147 143.576415,94.7834329 143.6,94.49 L143.6,94.49 C143.916798,94.4440727 144.222117,94.3389074 144.5,94.18 C144.505521,94.2030068 144.505521,94.2269932 144.5,94.25 C144.285064,94.3590327 144.128135,94.5561068 144.07,94.79 L144,94.79 C143.861073,94.7730573 143.722171,94.8217191 143.624192,94.9216584 C143.526212,95.0215976 143.48031,95.1614354 143.5,95.3 C143.496519,95.4722604 143.569804,95.6371518 143.7,95.75 C143.7,95.89 143.7,96 143.84,96.05 C144.32,96.12 144.44,95.87 144.53,95.88 C144.518486,95.8306629 144.518486,95.7793371 144.53,95.73 C144.705255,95.6814719 144.8168,95.5098639 144.79,95.33 C144.807013,95.2087715 144.782331,95.0853597 144.72,94.98 L144.72,94.98 C145.056367,94.7078679 145.36156,94.3993205 145.63,94.06 C145.874177,94.1095634 146.125823,94.1095634 146.37,94.06 L146.37,94.12 C146.2,94.29 146.37,94.69 146.55,94.68 C146.539718,94.7159459 146.539718,94.7540541 146.55,94.79 C146.7,94.89 146.98,94.79 147.19,94.87 C147.4,94.95 147.36,94.78 147.33,94.63 L147.33,94.63 C147.516771,94.5321569 147.624077,94.3294682 147.6,94.12 C147.600704,93.8036417 147.355655,93.5410898 147.04,93.52 L147.04,93.52 C146.71,93.52 146.4,93.72 146.47,93.21 C147.23403,92.2006881 148.058894,91.2389033 148.94,90.33 C148.91013,90.2919423 148.889582,90.2474216 148.88,90.2 C149.095218,90.6460432 149.555206,90.9212497 150.05,90.9 C149.90149,90.6479116 149.818945,90.3624445 149.81,90.07 C149.908239,90.1805212 150.043279,90.2515951 150.19,90.27 C149.960048,89.2051426 150.296634,88.0970578 151.08,87.34 C151.071655,88.5051066 150.772617,89.6497032 150.21,90.67 C150.560791,90.7193494 150.903612,90.5378557 151.06,90.22 C151.14,91.22 150.2,92.49 149.46,91.87 C149,92.87 150.09,93.38 150.78,92.79 C150.667865,93.3520339 150.231006,93.7928286 149.67,93.91 C149.14,94.05 148.6,93.83 148.95,92.99 C148.645723,92.9395758 148.335203,93.0323804 148.108495,93.2414989 C147.881787,93.4506174 147.76426,93.7526492 147.79,94.06 C147.773904,94.4406903 147.975548,94.7974455 148.31,94.98 C146.82,96.12 148.31,97.38 149.56,97.14 C150.379907,96.9348675 151.067714,96.3787688 151.44,95.62 C151.073363,96.7091919 151.292447,97.9103774 152.02,98.8 C152.698147,97.9157443 152.927215,96.7667073 152.64,95.69 C153.52,97.04 154.38,97.14 154.89,97.11 C155.77,97.11 157.01,95.75 155.43,94.87 C156.24,94.49 156.29,92.87 155.16,92.81 C155.39,93.44 154.9,93.81 154.35,93.81 C153.745499,93.7668584 153.241172,93.3316728 153.11,92.74 C154.19,93.26 154.68,92.25 154.32,91.74 C153.4,92.49 152.97,91.28 152.85,90.56 C153.081517,90.7502014 153.390491,90.8172079 153.68,90.74 C153.008181,89.7200493 152.659666,88.5211578 152.68,87.3 C153.268699,88.1025804 153.615666,89.0567414 153.68,90.05 C153.8,89.99 153.91,89.98 154.12,89.55 C154.12,90.28 154.05,90.37 153.81,90.68 C154.291707,90.7743388 154.776447,90.5319689 154.99,90.09 L154.99,90.09 C155.731137,91.1438686 156.543006,92.1461758 157.42,93.09 C157.6,93.27 157.66,93.46 157.33,93.52 C156.28,93.13 156.17,94.23 156.61,94.38 C156.574941,94.4803597 156.574941,94.5896403 156.61,94.69 C156.82,94.75 157.24,94.58 157.35,94.57 C157.46,94.56 157.41,94.43 157.35,94.33 C157.448266,94.3256283 157.53638,94.2681628 157.58,94.18 C157.811097,94.2487454 158.061317,94.1918773 158.24,94.03 L159.02,94.81 C159.02,94.81 159.02,94.92 159.09,94.93 C159,95.44 159.2,95.5 159.37,95.63 C159.37,96.13 160.07,95.84 160.14,95.87 C160.201706,95.8428785 160.235326,95.7756375 160.22,95.71 C160.3,95.62 160.22,95.58 160.22,95.51 C160.365126,95.3399613 160.397457,95.1007849 160.302685,94.8983177 C160.207913,94.6958506 160.003536,94.5674737 159.78,94.57 C159.54254,94.3187075 159.281323,94.0909798 159,93.89 C159.520731,94.0401447 160.028943,94.230724 160.52,94.46 C160.61,95.04 161.11,94.8 161.52,94.82 C161.63,94.66 161.57,94.61 161.52,94.55 C162.01,93.92 160.97,93.4 160.52,93.77 C160.308592,93.5953089 160.063515,93.4659628 159.8,93.39 C159.89,93.29 160.1,93.22 160.57,93.19 C160.754898,93.3352103 161.015102,93.3352103 161.2,93.19 C161.224966,93.2547043 161.277796,93.3046884 161.343782,93.3260369 C161.409768,93.3473854 161.481865,93.3378187 161.54,93.3 C161.659783,93.0888365 161.72829,92.8524889 161.74,92.61 C161.702335,92.5167484 161.610522,92.4568709 161.51,92.46 C161.427106,92.2567888 161.229468,92.1239608 161.01,92.1239608 C160.790532,92.1239608 160.592894,92.2567888 160.51,92.46 C159.994836,92.4866789 159.486238,92.5877248 159,92.76 C158.82,92.76 158.64,92.61 158.49,92.5 C158.63,92.44 158.75,92.38 158.75,92.26 C158.483737,92.2752172 158.224202,92.1728652 158.04,91.98 L158.11,91.8 C157.809874,91.6827663 157.563978,91.4582531 157.42,91.17 C157.492616,91.1257976 157.5488,91.0590788 157.58,90.98 C157.286224,90.9132969 157.022625,90.7516227 156.83,90.52 C156.913252,90.4722869 156.982287,90.4032521 157.03,90.32 C156.596087,90.0728797 156.223507,89.7310631 155.94,89.32 L155.94,89.32 C156.452938,89.4426655 156.993387,89.3639246 157.45,89.1 C157.040803,89.0250948 156.679748,88.7867982 156.45,88.44 C156.529765,88.4486741 156.610235,88.4486741 156.69,88.44 C156.406293,88.2932201 156.178117,88.0580232 156.04,87.77 C156.135798,87.7806909 156.231312,87.7476285 156.3,87.68 C156.085184,87.5827734 155.911635,87.4127656 155.81,87.2 C155.913787,87.235055 156.026213,87.235055 156.13,87.2 C155.04,86.71 155.19,84.2 154.03,84.2 C153.716298,84.2177568 153.412797,84.3177743 153.15,84.49 C153.237453,84.2681516 153.355241,84.0594987 153.5,83.87 C153.902975,84.1125864 154.407025,84.1125864 154.81,83.87 C154.885716,84.8213225 155.30938,85.7113718 156,86.37 C156.133249,86.3033357 156.254823,86.2155325 156.36,86.11 C156.49,87.11 156.84,88.31 157.64,88.21 C157.347258,87.3236878 157.211883,86.3929825 157.24,85.46 C157.57,88.14 158.39,89.7 159.07,90.17 C159.481921,89.0383577 159.619021,87.8250255 159.47,86.63 C160.14,87.84 160.88,88.96 161.47,88.95 C161.743696,88.8951768 162.006966,88.7972943 162.25,88.66 C161.25,88.27 160.62,86.47 160.02,85.35 C160.690795,86.5847981 161.784336,87.5363203 163.1,88.03 C163.190093,86.5327645 162.747272,85.051971 161.85,83.85 C164.35,85.17 164.85,84.32 165.03,83.85 C163.9,84.25 162.38,82.85 161.36,82.34 L161.36,82.34 C162.85,83.03 164.36,83.26 165.23,82.69 C164.710983,81.7638071 163.877261,81.0542559 162.88,80.69 C164.49,80.87 165.03,80.32 165.06,79.69 C164.466263,79.8839266 163.832613,79.9218078 163.22,79.8 C164.77,79.49 165.05,78.8 165.03,78.8 C164.494398,78.4091969 163.868006,78.1613934 163.21,78.08 C165.08,77.41 164.48,76.78 164.41,76.58 C163.906091,77.0276122 163.297245,77.3406345 162.64,77.49 C163.33091,77.0941101 163.877429,76.4880343 164.2,75.76 C163.654889,75.5631569 163.06443,75.528424 162.5,75.66 C162.86,75.26 163.34,74.58 162.9,74.02 C162.558197,74.490099 162.142874,74.9020463 161.67,75.24 C162.188871,74.6631644 162.517134,73.9402874 162.61,73.17 C161.99194,73.1636006 161.384871,73.33358 160.86,73.66 C161.253722,73.2044239 161.498067,72.6389416 161.56,72.04 C158.636444,72.1890013 156.052643,73.9891271 154.9,76.68 C154.5,77.62 154.81,79.22 156.06,79.03 C156.26,79.84 155.73,80.33 154.57,80.29 C154.57,80.02 154.63,79.49 154.3,79.21 C154.484233,79.2170698 154.649434,79.0972992 154.7,78.92 C153.94,78.75 154.06,78.5 154.2,77.16 C154.303053,77.2012292 154.420731,77.1776936 154.5,77.1 C154.19,76.81 154.29,76.28 154.45,74.6 C154.45,73.87 154.33,73.5 154.17,73.38 C154.27,73.38 154.33,73.25 154.28,73.07 C154.63,73.01 154.48,72.58 154.34,72.44 C154.27,72.63 153.97,72.7 153.69,72.44 C153.838224,72.3664847 153.938137,72.2218149 153.954399,72.0571629 C153.970661,71.8925108 153.900979,71.7310908 153.77,71.63 L153.77,71.64 Z M148.04,89.64 C148.027027,89.873153 148.027027,90.106847 148.04,90.34 C148.16,90.4 148.36,90.34 148.6,90.25 L148.6,90.25 C148.43815,90.3267166 148.257425,90.3545204 148.08,90.33 L148.08,89.81 C148.065487,89.7474981 148.065487,89.6825019 148.08,89.62 L148.04,89.64 Z M155.33,89.7 C155.529429,89.8432827 155.777864,89.9008907 156.02,89.86 C156.02,89.86 156.02,89.86 156.02,89.86 C156.02,89.86 156.02,89.86 156.02,89.86 C155.773032,89.9084927 155.517216,89.8463661 155.32,89.69 L155.33,89.7 Z M153.06,94.29 C153.655378,94.873592 154.511836,95.1047599 155.32,94.9 C155.365286,95.1276834 155.287626,95.3624173 155.115483,95.5181654 C154.94334,95.6739135 154.70203,95.7277719 154.48,95.66 C153.798663,95.4848533 153.259447,94.9646234 153.06,94.29 L153.06,94.29 Z M150.9,94.45 C150.605173,95.072054 150.087768,95.5609127 149.45,95.82 C148.93,95.95 148.45,95.7 148.63,95.02 C149.433428,95.2791486 150.314304,95.0579596 150.9,94.45 L150.9,94.45 Z" id="path3358" fill="#FFFFFF"></path>
            <path d="M142.43,95.09 C142.685369,95.1815919 142.964631,95.1815919 143.22,95.09 C143.31,95.19 143.22,95.55 143.48,95.82 C143.31,95.89 142.41,95.61 142.48,95.11 L142.43,95.09 Z" id="path3413" fill="#F6D155"></path>
            <path d="M142.05,93.15 C142.16,93.51 142.48,93.54 142.61,93.62 C142.74,93.7 142.25,93.75 142.24,94.24 C142,94.22 141.66,93.65 142.05,93.15 Z" id="path3415" fill="#F6D155"></path>
            <path d="M143.85,96.11 C144.09635,96.1422595 144.345887,96.0816577 144.55,95.94 C144.64522,96.124496 144.795504,96.2747801 144.98,96.37 C144.9,96.69 143.83,96.62 143.85,96.11 L143.85,96.11 Z" id="path3417" fill="#F6D155"></path>
            <path d="M147.23,94.91 C147.23,94.86 146.7,94.91 146.61,94.84 C146.55,94.92 146.53,95.17 146.34,95.27 C146.46,95.49 147.3,95.42 147.23,94.91 Z" id="path3419" fill="#F6D155"></path>
            <path d="M156.63,94.61 C156.9,94.67 157.22,94.5 157.38,94.49 C157.429462,94.6832875 157.578026,94.835661 157.77,94.89 C157.590475,95.0337374 157.354326,95.0858379 157.130987,95.0309826 C156.907647,94.9761273 156.722506,94.8205521 156.63,94.61 L156.63,94.61 Z" id="path3424" fill="#F6D155"></path>
            <path d="M159.61,95.82 C159.489335,95.9387196 159.355072,96.0427736 159.21,96.13 C159.55,96.43 160.21,96.13 160.21,95.8 C160.14,95.68 159.94,95.93 159.61,95.82 Z" id="path3426" fill="#F6D155"></path>
            <path d="M160.91,94.76 C160.921201,94.9771257 160.890649,95.1943845 160.82,95.4 C161.01,95.53 161.5,95.22 161.55,94.75 C161.5,94.64 161.29,94.84 160.91,94.75 L160.91,94.76 Z" id="path3428" fill="#F6D155"></path>
            <path d="M161.81,92.57 C161.67,92.57 161.75,93.09 161.59,93.24 C161.726577,93.3504365 161.836043,93.4906897 161.91,93.65 C162.067334,93.5063513 162.14825,93.2972682 162.128607,93.085129 C162.108965,92.8729898 161.991034,92.6823183 161.81,92.57 Z" id="path3430" fill="#F6D155"></path>
            <path d="M149.31,73.88 C148.5,72.34 150.83,72.06 151.07,73.34 C151.445908,73.3698135 151.812571,73.4716643 152.15,73.64 C153.15,74.36 152.54,74.77 152.34,74.74 C151.88,74.74 151.79,74.3 151.12,74.47 C150.96,74.53 150.95,74.62 150.87,74.61 C150.47,74.51 151.21,73.7 152,74.28 C152.07,74.34 152.23,74.28 152.09,74.08 C151.56,73.55 150.64,73.84 150.44,73.89 C150.303455,73.717135 150.095288,73.6162903 149.875,73.6162903 C149.654712,73.6162903 149.446545,73.717135 149.31,73.89 L149.31,73.88 Z" id="path3665" fill="#F6D155"></path>
        </g>
    </g>
</svg>