<svg width="111px" height="120px" viewBox="0 0 111 120" version="1.1" xmlns="http://www.w3.org/2000/svg">
    <g id="🔶-Symbols" stroke="none" stroke-width="1" fill="none" fill-rule="evenodd">
        <g id="card-/-national-team-/-goalkeeper-1" transform="translate(-73.000000, -32.040000)">
            <g id="koszulka_A" transform="translate(73.000000, 32.000000)">
                <path d="M15.2623738,113.4 C13.9021619,113.775668 12.4956216,113.95686 11.0846202,113.938182 C8.57578648,113.938182 7.26682974,113.4 7.26682974,113.4 L6.53963155,109.563636 L15.6296089,110.127273 L15.2623738,113.4 Z" id="Path" fill="#3E414A" fill-rule="nonzero"></path>
                <path d="M95.6250456,113.4 C96.9852575,113.775668 98.3917978,113.95686 99.8027992,113.938182 C102.311633,113.938182 103.62059,113.4 103.62059,113.4 L104.347788,109.563636 L95.2578105,110.127273 L95.6250456,113.4 Z" id="Path" fill="#3E414A" fill-rule="nonzero"></path>
                <path d="M55.4437097,0.590909091 C61.5341275,0.590909091 69.3928514,1.27631887 70.8296093,2.23919346 C71.7548528,2.92909785 72.4061766,3.4278804 74.1527521,3.63816393 C84.0388095,4.83403218 92.2747253,7.38695386 96.5367494,10.7189553 C98.3264135,12.11938 101.500098,14.8005695 102.824278,18.9605687 C103.649553,21.5438375 105.407159,29.4873863 106.852152,37.6279472 L107.034825,38.6678401 C107.968871,44.0420386 108.743872,49.406361 109.002604,53.279258 C111.283376,87.2754213 105.971084,105.738468 104.918074,109.402529 C101.476095,110.866097 98.3061656,111.065105 95.1897897,110.63717 C94.8501337,109.261125 94.80469,108.175052 94.7998105,107.078411 L94.7990167,105.676494 C94.7781509,98.6737283 94.3467472,88.9367296 92.6559846,74.5637738 C91.2361253,62.4737113 88.1662032,50.746662 86.6838002,46.0307542 C86.0201676,50.1809994 85.0290525,58.3073511 84.7247416,62.2637989 C84.3622799,66.9762831 83.9775665,76.8036326 84.3400293,83.3286315 L84.3549868,83.5890818 C84.5027531,86.0854907 84.8768607,90.4009114 85.2913981,95.1843827 C85.4352236,96.8440278 85.5839243,98.5599322 85.7297894,100.276076 L85.7297894,100.276076 L85.8454116,101.644187 C86.3821305,108.034716 86.8496327,114.217273 86.8496327,117.28 C77.4118792,118.597317 67.9444076,119.234545 55.4437097,119.234545 C42.9430118,119.234545 33.4755402,118.597317 24.4923686,117.777933 C24.0377867,113.999135 24.5735291,107.135698 25.1558427,100.272078 L25.1558427,100.272078 L25.2724888,98.9036844 C25.3805135,97.6418052 25.4889746,96.3880562 25.5947836,95.1649645 C26.0229876,90.2151691 26.4078328,85.7681939 26.5437541,83.3213587 C26.9062169,76.7963599 26.5215035,66.9690104 26.1590419,62.2565262 C26.007952,60.2921568 25.6873867,57.2983958 25.3217574,54.2740749 L25.3217574,54.2740749 L25.2105913,53.3648464 C24.8694024,50.6051429 24.501225,47.9026975 24.2002728,46.0216191 C22.7180206,50.7377082 19.6477588,62.4655819 18.2277904,74.5565729 C16.5370373,88.9353391 16.1056326,98.6734573 16.084769,105.671047 L16.084769,105.671047 L16.0848129,106.773109 C16.0884933,107.970465 16.103788,109.083802 16.1258604,110.123938 C12.5908864,111.05601 9.43401339,110.860264 6.40730168,110.054063 C4.91243062,105.730257 -0.39954871,87.2674972 1.88118046,53.2719689 C2.14135231,49.3958595 2.91636188,44.0291644 3.85096672,38.6524461 L3.85096672,38.6524461 L4.03321725,37.6150754 C5.47866477,29.4726755 7.23784707,21.5293514 8.06314015,18.9460265 C9.38741575,14.8006938 12.5423492,12.1197626 14.3508456,10.7042726 C18.612698,7.37240536 26.8449442,4.81948509 36.734945,3.62358497 C38.4700188,3.41468629 39.1211043,2.92610531 39.671815,2.50698622 C41.1208342,1.52258315 45.6224778,0.953217894 50.3759122,0.719896929 L50.3759122,0.719896929 L51.1093769,0.686366166 C52.5819798,0.623973518 54.0600314,0.590909091 55.4437097,0.590909091 Z" id="Path" stroke="#3E414A" fill="#C3F042" fill-rule="nonzero"></path>
                <path d="M55.4437097,117.254545 C42.9722608,117.254545 33.5259563,116.621818 24.5632386,115.8 C24.5632386,116.349091 24.5377867,116.843636 24.5377867,117.276364 C33.5077764,118.094545 42.9613528,118.730909 55.4437097,118.730909 C67.9260666,118.730909 77.3796431,118.094545 86.3496327,117.276364 C86.3496327,116.843636 86.3496327,116.349091 86.3241808,115.8 C77.3614631,116.64 67.9151586,117.254545 55.4437097,117.254545 Z" id="Path" fill="#3E414A" fill-rule="nonzero"></path>
                <path d="M24.3523512,44.0218182 C23.7087808,42.1418182 23.1270222,40.2509091 22.5343557,38.36 C22.1962085,36.6545455 21.5817261,34.2472727 21.3017548,32.5418182 C19.592839,22.2145455 25.5849521,15.12 34.9476288,11.7018182 C37.7327978,10.5818182 40.7397623,10.1890909 43.703095,9.98181818 C41.8051077,10.5563636 39.9143924,11.0981818 38.1000329,11.8218182 C36.226327,12.3454255 34.4015074,13.0304113 32.6460465,13.8690909 C25.0868213,17.4036364 20.9563356,23.9636364 22.3889161,32.3818182 C22.6652514,34.04 23.2760979,36.4690909 23.621517,38.1345455 C23.8869443,40.0909091 24.1523717,42.0472727 24.3487152,44.0218182 L24.3523512,44.0218182 Z" id="Path" fill="#F9F9F9" fill-rule="nonzero"></path>
                <path d="M86.5350683,44.0218182 C86.7350478,42.0472727 87.0004751,40.0909091 87.2622664,38.1345455 C87.6040496,36.4509091 88.2185321,34.0436364 88.4948674,32.3818182 C89.9492638,23.96 85.7933261,17.4036364 78.223193,13.8690909 C76.4677321,13.0304113 74.6429125,12.3454255 72.7692066,11.8218182 C70.9512111,11.0945455 69.0641318,10.5563636 67.1661445,9.98181818 C70.1294771,10.1890909 73.1364416,10.5818182 75.9216107,11.7018182 C85.2879234,15.12 91.2764004,22.2181818 89.5565767,32.5563636 C89.2766054,34.24 88.665759,36.6727273 88.3239758,38.3745455 C87.7422173,40.2654545 87.1604587,42.1563636 86.5059803,44.0363636 L86.5350683,44.0218182 Z" id="Path" fill="#F9F9F9" fill-rule="nonzero"></path>
                <path d="M50.1860668,24.64 L50.3242345,34.4981818 C50.3787979,35.1066453 50.7170098,35.6537692 51.2368682,35.9745455 C51.6211427,36.192859 52.0613321,36.2927973 52.502193,36.2618182 C52.6912646,36.2618182 53.7602459,36.2618182 54.3201885,36.2618182 C54.7128755,36.2618182 55.3709899,36.5454545 55.4109858,36.9890909 L55.5055216,36.9890909 C55.5455175,36.4581818 56.1999958,36.2618182 56.5963188,36.2618182 C57.1344455,36.2618182 58.2070628,36.2618182 58.4143143,36.2618182 C58.8551753,36.2927973 59.2953647,36.192859 59.6796392,35.9745455 C60.1994976,35.6537692 60.5377095,35.1066453 60.5922729,34.4981818 L60.7013526,24.64 L50.1860668,24.64 Z" id="path2161" fill="#EC1C24"></path>
                <path d="M54.5747079,25.2872727 C54.7141025,25.5591348 54.8261561,25.84417 54.909219,26.1381818 C55.082111,26.1327248 55.2551089,26.144909 55.4255298,26.1745455 C55.5933053,26.2146102 55.7666971,26.2256789 55.9382045,26.2072727 C55.9986639,25.8742714 56.1220679,25.5558564 56.3018036,25.2690909 C56.2218118,25.3236364 56.0472842,25.3454545 55.9782004,25.4472727 C55.8763926,25.3563636 55.7964008,25.4145455 55.745497,25.5090909 C55.7636769,25.4327273 55.745497,25.3672727 55.6400532,25.3636364 C55.6982291,25.2509091 55.6073293,25.1963636 55.5091576,25.2436364 C55.5091576,25.1490909 55.4291658,25.1454545 55.4255298,25.0945455 C55.4255298,25.1563636 55.341902,25.1236364 55.3528099,25.2690909 C55.2764541,25.2072727 55.2000983,25.2472727 55.2291863,25.36 C55.1346505,25.36 55.1091986,25.4363636 55.1164705,25.5309091 C55.1046045,25.4825563 55.0663401,25.4451208 55.0177428,25.4343203 C54.9691456,25.4235198 54.9186291,25.4412241 54.8874031,25.48 C54.8146833,25.3309091 54.7565074,25.4254545 54.5819799,25.2872727 L54.5747079,25.2872727 Z" id="path3360" fill="#F6D155"></path>
                <path d="M56.0872801,26.0509091 C55.9782004,26.2363636 55.9309325,26.2509091 55.4509817,26.1745455 C55.0873826,26.1381818 54.7237835,26.0327273 54.7237835,26.3745455 C54.9074691,26.3662187 55.0709947,26.4900218 55.1128345,26.6690909 L54.8801311,26.8690909 C54.7165115,26.8945455 54.4583562,27.1127273 54.2874646,26.9090909 C54.2401967,27.1018182 54.4183603,27.1563636 54.6001598,27.1454545 C54.7274195,27.1454545 54.7710514,27.0981818 55.0110268,27.0509091 L55.0728386,27.12 C55.4364377,27.1490909 55.6218733,27.6690909 55.0364787,27.9709091 C55.0110552,28.0361715 55.0414991,28.1098852 55.1055626,28.1381818 C54.934671,28.3781818 54.6546997,28.68 54.5528919,28.48 C54.4923988,28.569768 54.509682,28.6907625 54.5928878,28.76 C54.4975422,28.8790206 54.4507771,29.0297236 54.4619922,29.1818182 C54.0765771,29.1236364 53.8220578,29.0581818 53.9093215,28.6945455 C54.3201885,28.6945455 54.4329042,28.2181818 54.3710924,27.9672727 C54.131117,26.96 52.8330682,26.1490909 51.8877106,26.1272727 C51.9504891,26.3840641 52.0946147,26.6136682 52.2985776,26.7818182 C52.0454961,26.6289282 51.7486119,26.564938 51.4550277,26.6 C51.4877516,26.8181818 51.6077393,27.0690909 52.0985981,27.48 C51.801446,27.3303904 51.5311438,27.132558 51.29868,26.8945455 C51.2477762,26.9636364 51.2186882,27.2581818 51.5241115,27.4509091 C51.2801916,27.4019411 51.02725,27.4259731 50.7969133,27.52 C50.9915447,27.819567 51.2769637,28.048945 51.6113753,28.1745455 C51.2912086,28.1270491 50.9911122,27.9895959 50.7460094,27.7781818 C50.7196004,28.0149513 50.8552228,28.2400182 51.0768846,28.3272727 C50.871334,28.3514502 50.6757376,28.4291952 50.50967,28.5527273 C50.7521376,28.8208318 51.0847343,28.990383 51.4441197,29.0290909 C51.1623087,29.0601379 50.8771569,29.0366814 50.6042058,28.96 C50.6042058,29.0436364 50.5351219,29.3818182 51.4404837,29.3236364 C51.1168805,29.4727273 50.6296577,29.7927273 50.5533019,30.0727273 C50.9394552,30.1650909 51.3443074,30.1410503 51.716819,30.0036364 C50.8587251,30.5272727 50.7241935,30.5818182 50.5642099,30.5454545 C50.7750973,30.9854545 51.2914081,30.6872727 51.705911,30.4436364 C51.1750564,31.1709091 51.0877926,31.5345455 51.0987005,32.0218182 C51.5277475,31.9709091 52.1495019,31.3563636 52.4803771,30.8327273 C52.0949621,31.6218182 51.8695306,32.2545455 51.4513917,32.44 C51.9277065,32.6290909 52.3349375,32.0327273 52.6221807,31.4 C52.513101,31.8 52.4658331,32.6509091 52.6221807,32.8545455 C53.0512277,32.5636364 53.3784669,31.9163636 53.5966263,31.1745455 C53.5355751,31.544313 53.4468499,31.9089743 53.331199,32.2654545 C53.6075343,32.32 53.7493379,31.8218182 53.8438737,31.5381818 C53.8543226,31.5592924 53.8692056,31.5778981 53.8875056,31.5927273 C54.1663842,31.3040929 54.3316564,30.9244444 54.3529124,30.5236364 C54.5341048,30.5960913 54.7403787,30.5640319 54.8910391,30.44 C54.9341901,30.5251729 54.9659736,30.6156429 54.9855749,30.7090909 C54.6401557,30.4254545 54.2583767,30.7090909 54.2583767,31.1781818 C54.2120711,31.4242244 54.0659681,31.6401104 53.8547817,31.7745455 C53.8831066,31.7981491 53.9200714,31.8087115 53.9565894,31.8036364 C53.9125044,31.883648 53.8574294,31.957089 53.7929698,32.0218182 C53.8158098,32.02598 53.8392137,32.02598 53.8620537,32.0218182 C53.8007728,32.1226872 53.7126497,32.2045241 53.6075343,32.2581818 C53.6387061,32.2845733 53.6763663,32.3021499 53.716614,32.3090909 C53.6441309,32.3971286 53.5519622,32.466885 53.4475507,32.5127273 C53.5810237,32.5998878 53.7394355,32.6407725 53.8984136,32.6290909 L53.8984136,32.6290909 C53.826743,32.7560456 53.7175031,32.8576746 53.5857183,32.92 C53.6171435,32.9486997 53.6602934,32.9608368 53.7020701,32.9527273 C53.6144207,33.0526519 53.5049345,33.1310421 53.3821029,33.1818182 C53.4064712,33.2072012 53.4422174,33.2182012 53.4766386,33.2109091 C53.3989483,33.3173699 53.2874173,33.3942957 53.1603074,33.4290909 C53.1893953,33.4872727 53.2548432,33.48 53.309383,33.48 C53.2657511,33.5709091 53.1312195,33.6036364 52.9966878,33.6327273 C53.0984956,33.6618182 53.1675794,33.7163636 53.1094035,33.7018182 C53.0679544,33.7545179 53.0055011,33.7864123 52.938512,33.7890909 C52.8476122,33.7890909 52.520373,33.6872727 52.3894773,33.7309091 C52.3433964,33.6525598 52.2585486,33.6052627 52.1676819,33.6072727 C52.0510296,33.5977722 51.9459774,33.6777455 51.9240705,33.7927273 C51.9058905,33.7927273 51.8258987,33.7672727 51.8368067,33.8618182 C51.8477147,33.9563636 51.8695306,33.9636364 52.0404222,34.0290909 C52.0753043,34.0352046 52.1109838,34.0352046 52.1458659,34.0290909 C52.2146283,34.0228906 52.2796055,33.9948583 52.3313015,33.9490909 L52.3313015,33.9490909 C52.4114173,33.9591218 52.4904997,33.9761567 52.5676409,34 C52.4294732,34 52.3822053,34.0872727 52.3058495,34.1418182 L52.2149498,34.1418182 L52.2149498,34.1418182 C52.1981655,34.1382866 52.1808301,34.1382866 52.1640459,34.1418182 C52.0474869,34.1637525 51.9615263,34.263296 51.9567944,34.3818182 C51.9495038,34.4055124 51.9495038,34.4308513 51.9567944,34.4545455 L51.9567944,34.4763636 C51.9430932,34.4858773 51.9349216,34.5015004 51.9349216,34.5181818 C51.9349216,34.5348633 51.9430932,34.5504864 51.9567944,34.56 C52.0315446,34.5895701 52.1147476,34.5895701 52.1894978,34.56 C52.2961898,34.5514235 52.3809017,34.4667029 52.3894773,34.36 L52.3894773,34.36 C52.5046649,34.3432992 52.6156785,34.3050572 52.7167165,34.2472727 C52.7187238,34.2556388 52.7187238,34.2643612 52.7167165,34.2727273 C52.638566,34.3123755 52.5815066,34.3840389 52.5603689,34.4690909 L52.534917,34.4690909 C52.4844031,34.4629299 52.4338987,34.4806251 52.3982733,34.5169667 C52.362648,34.5533082 52.3459581,34.6041583 52.3531174,34.6545455 C52.3518516,34.7171856 52.378498,34.7771461 52.4258372,34.8181818 C52.4258372,34.8690909 52.4258372,34.9090909 52.4767411,34.9272727 C52.6512687,34.9527273 52.6949006,34.8618182 52.7276245,34.8654545 C52.7234379,34.8475138 52.7234379,34.8288499 52.7276245,34.8109091 C52.791347,34.7932625 52.8319048,34.7308596 52.8221602,34.6654545 C52.8283462,34.6213715 52.8193717,34.5764944 52.7967083,34.5381818 L52.7967083,34.5381818 C52.9190109,34.4392247 53.029979,34.3270257 53.1275835,34.2036364 C53.216366,34.2216594 53.3078643,34.2216594 53.3966468,34.2036364 L53.3966468,34.2254545 C53.334835,34.2872727 53.3966468,34.4327273 53.4620947,34.4290909 C53.4583563,34.4421622 53.4583563,34.4560197 53.4620947,34.4690909 C53.5166345,34.5054545 53.6184423,34.4690909 53.6947981,34.4981818 C53.7711539,34.5272727 53.7566099,34.4654545 53.7457019,34.4109091 L53.7457019,34.4109091 C53.8136116,34.3753298 53.8526279,34.3016248 53.8438737,34.2254545 C53.8441296,34.1104152 53.7550302,34.0149418 53.6402582,34.0072727 L53.6402582,34.0072727 C53.5202705,34.0072727 53.4075548,34.08 53.4330067,33.8945455 C53.7108074,33.5275229 54.0107272,33.177783 54.3310965,32.8472727 C54.3202357,32.8334336 54.3127645,32.8172442 54.3092805,32.8 C54.3875334,32.9621975 54.5547847,33.0622726 54.7346915,33.0545455 C54.6806934,32.9628769 54.6506802,32.8590707 54.6474277,32.7527273 C54.6831472,32.7929168 54.7322478,32.8187618 54.7855954,32.8254545 C54.7019852,32.4382337 54.8243673,32.0352938 55.1091986,31.76 C55.1061645,32.1836751 54.9974343,32.5998921 54.7928673,32.9709091 C54.9204145,32.9888543 55.045064,32.9228566 55.1019266,32.8072727 C55.1310145,33.1709091 54.7892313,33.6327273 54.520168,33.4072727 C54.3529124,33.7709091 54.7492354,33.9563636 55.0001188,33.7418182 C54.9593465,33.9461942 54.800505,34.1064831 54.5965238,34.1490909 C54.4038163,34.2 54.2074728,34.12 54.3347325,33.8145455 C54.2240977,33.7962094 54.1111927,33.8299565 54.0287619,33.9059996 C53.9463311,33.9820427 53.9035986,34.0918724 53.9129575,34.2036364 C53.907105,34.3420692 53.9804227,34.4717984 54.1020291,34.5381818 C53.5602664,34.9527273 54.1020291,35.4109091 54.5565279,35.3236364 C54.8546455,35.2490427 55.1047312,35.046825 55.2400942,34.7709091 C55.1067852,35.1669789 55.186444,35.6037736 55.4509817,35.9272727 C55.6975553,35.6057252 55.7808444,35.1878936 55.6764131,34.7963636 C55.9963803,35.2872727 56.3090756,35.3236364 56.4945111,35.3127273 C56.8144783,35.3127273 57.2653412,34.8181818 56.6908546,34.4981818 C56.9853699,34.36 57.0035498,33.7709091 56.5926829,33.7490909 C56.6763106,33.9781818 56.4981471,34.1127273 56.2981676,34.1127273 C56.0783715,34.0970394 55.8949986,33.9387901 55.8473047,33.7236364 C56.2399917,33.9127273 56.4181553,33.5454545 56.2872596,33.36 C55.9527484,33.6327273 55.7964008,33.1927273 55.7527689,32.9309091 C55.8369482,33.0000732 55.949291,33.0244392 56.0545562,32.9963636 C55.8102835,32.6254725 55.6835638,32.1895119 55.6909571,31.7454545 C55.9050074,32.037302 56.0311645,32.3842696 56.0545562,32.7454545 C56.0981881,32.7236364 56.138184,32.72 56.2145398,32.5636364 C56.2145398,32.8290909 56.1890879,32.8618182 56.1018241,32.9745455 C56.2769723,33.0088505 56.4532233,32.9207159 56.530871,32.76 L56.530871,32.76 C56.8003477,33.143225 57.0955425,33.5077003 57.4144168,33.8509091 C57.4798646,33.9163636 57.5016806,33.9854545 57.3816929,34.0072727 C56.9999138,33.8654545 56.9599179,34.2654545 57.1199015,34.32 C57.1071542,34.3564944 57.1071542,34.3962328 57.1199015,34.4327273 C57.1962574,34.4545455 57.348969,34.3927273 57.3889649,34.3890909 C57.4289608,34.3854545 57.4107808,34.3381818 57.3889649,34.3018182 C57.4246944,34.3002285 57.4567325,34.2793319 57.4725927,34.2472727 C57.5566194,34.2722711 57.6475991,34.2515917 57.7125681,34.1927273 L57.9961754,34.4763636 C57.9961754,34.4763636 57.9961754,34.5163636 58.0216273,34.52 C57.9889034,34.7054545 58.0616232,34.7272727 58.123435,34.7745455 C58.123435,34.9563636 58.3779544,34.8509091 58.4034063,34.8618182 C58.4258425,34.8519558 58.4380669,34.8275046 58.4324943,34.8036364 C58.4615822,34.7709091 58.4324943,34.7563636 58.4324943,34.7309091 C58.4852619,34.6690768 58.4970174,34.5821036 58.4625584,34.5084792 C58.4280994,34.4348548 58.3537881,34.3881723 58.2725107,34.3890909 C58.1861703,34.2977118 58.0911921,34.2149017 57.9889034,34.1418182 C58.1782408,34.1964163 58.3630261,34.2657178 58.541574,34.3490909 C58.5742979,34.56 58.7560975,34.4727273 58.9051731,34.48 C58.945169,34.4218182 58.923353,34.4036364 58.9051731,34.3818182 C59.0833367,34.1527273 58.7051936,33.9636364 58.541574,34.0981818 C58.4647061,34.0346578 58.3755964,33.9876228 58.2797827,33.96 C58.3125066,33.9236364 58.3888624,33.8981818 58.559754,33.8872727 C58.6269825,33.9400765 58.7215928,33.9400765 58.7888214,33.8872727 C58.797899,33.9108016 58.8171079,33.9289776 58.8411005,33.9367407 C58.865093,33.9445038 58.8913072,33.941025 58.9124451,33.9272727 C58.955998,33.850486 58.980907,33.7645414 58.9851649,33.6763636 C58.9714698,33.642454 58.938087,33.6206803 58.9015371,33.6218182 C58.8713968,33.5479232 58.7995359,33.4996221 58.7197376,33.4996221 C58.6399392,33.4996221 58.5680783,33.5479232 58.537938,33.6218182 C58.3506247,33.6315196 58.165699,33.6682636 57.9889034,33.7309091 C57.9234555,33.7309091 57.8580077,33.6763636 57.8034678,33.6363636 C57.8543717,33.6145455 57.8980036,33.5927273 57.8980036,33.5490909 C57.8011908,33.5546244 57.7068239,33.5174055 57.6398482,33.4472727 L57.6653002,33.3818182 C57.5561745,33.3391877 57.4667672,33.2575466 57.4144168,33.1527273 C57.4408198,33.1366537 57.4612484,33.1123923 57.4725927,33.0836364 C57.3657761,33.0593807 57.2699316,33.0005901 57.1998933,32.9163636 C57.2301637,32.8990134 57.2552647,32.8739099 57.2726132,32.8436364 C57.1148428,32.7537744 56.979373,32.6294775 56.8762901,32.48 L56.8762901,32.48 C57.0627939,32.5246056 57.2593006,32.4959726 57.4253248,32.4 C57.2765411,32.3727618 57.1452617,32.2861084 57.0617257,32.16 C57.0907281,32.1631542 57.119987,32.1631542 57.1489895,32.16 C57.045834,32.1066255 56.9628694,32.0210994 56.9126501,31.9163636 C56.9474823,31.9202512 56.982211,31.9082285 57.0071858,31.8836364 C56.929079,31.8482812 56.8659765,31.7864602 56.8290223,31.7090909 C56.866759,31.7218382 56.9076373,31.7218382 56.945374,31.7090909 C56.549051,31.5309091 56.6035908,30.6181818 56.1818159,30.6181818 C56.0677542,30.6246388 55.9574015,30.6610088 55.8618487,30.7236364 C55.8936467,30.6429642 55.9364743,30.5670904 55.9891084,30.4981818 C56.1356297,30.5863951 56.3189018,30.5863951 56.4654232,30.4981818 C56.4929536,30.8441173 56.6469972,31.1677716 56.8981061,31.4072727 C56.9465553,31.3830312 56.9907593,31.3511027 57.0290018,31.3127273 C57.0762697,31.6763636 57.2035293,32.1127273 57.4944086,32.0763636 C57.3879681,31.7540683 57.3387457,31.41563 57.348969,31.0763636 C57.4689567,32.0509091 57.7671079,32.6181818 58.0143553,32.7890909 C58.1641294,32.3775846 58.2139787,31.9363729 58.159795,31.5018182 C58.4034063,31.9418182 58.6724697,32.3490909 58.8869931,32.3454545 C58.9865088,32.3255188 59.0822335,32.2899252 59.1706004,32.24 C58.8070013,32.0981818 58.5779339,31.4436364 58.3597745,31.0363636 C58.603675,31.4853811 59.0012853,31.8313892 59.4796597,32.0109091 C59.5124173,31.4664598 59.351408,30.9279895 59.0251608,30.4909091 C59.9341585,30.9709091 60.1159581,30.6618182 60.1814059,30.4909091 C59.7705389,30.6363636 59.2178683,30.1272727 58.8469972,29.9418182 L58.8469972,29.9418182 C59.3887599,30.1927273 59.9377945,30.2763636 60.2541257,30.0690909 C60.0654118,29.7322935 59.762271,29.4742749 59.3996679,29.3418182 C59.9850624,29.4072727 60.1814059,29.2072727 60.1923139,28.9781818 C59.9764316,29.0487006 59.7460369,29.0624756 59.5232916,29.0181818 C60.0868702,28.9054545 60.1886779,28.6545455 60.1814059,28.6545455 C59.9866615,28.5124352 59.7589059,28.4223249 59.5196556,28.3927273 C60.1995859,28.1490909 59.9814264,27.92 59.9559745,27.8472727 C59.7727535,28.0100408 59.5513778,28.1238671 59.3124041,28.1781818 C59.5636184,28.0342219 59.7623323,27.8138307 59.8796187,27.5490909 C59.6814168,27.4775116 59.4667264,27.4648815 59.2615002,27.5127273 C59.3923959,27.3672727 59.5669234,27.12 59.4069398,26.9163636 C59.2826607,27.0873087 59.1316494,27.2371078 58.959713,27.36 C59.1483741,27.1502416 59.2677302,26.8873772 59.3014961,26.6072727 C59.0767701,26.6049457 58.8560401,26.6667564 58.6651977,26.7854545 C58.8083548,26.6197905 58.8971981,26.4141606 58.9197171,26.1963636 C57.8567147,26.2505459 56.9172469,26.9051371 56.4981471,27.8836364 C56.3527075,28.2254545 56.4654232,28.8072727 56.919922,28.7381818 C56.9926419,29.0327273 56.7999343,29.2109091 56.3781594,29.1963636 C56.3781594,29.0981818 56.3999753,28.9054545 56.2799876,28.8036364 C56.3469747,28.8062072 56.4070416,28.7626543 56.4254273,28.6981818 C56.149092,28.6363636 56.1927239,28.5454545 56.2436277,28.0581818 C56.2810978,28.0731743 56.3238855,28.0646158 56.3527075,28.0363636 C56.2399917,27.9309091 56.2763516,27.7381818 56.3345275,27.1272727 C56.3345275,26.8618182 56.2908956,26.7272727 56.2327198,26.6836364 C56.2690797,26.6836364 56.2908956,26.6363636 56.2727157,26.5709091 C56.3999753,26.5490909 56.3454355,26.3927273 56.2945316,26.3418182 C56.2690797,26.4109091 56.1599999,26.4363636 56.0581922,26.3418182 C56.1120862,26.3150853 56.1484146,26.2624781 56.1543274,26.2026047 C56.1602402,26.1427312 56.1349038,26.084033 56.0872801,26.0472727 L56.0872801,26.0509091 Z M54.0038573,32.5963636 C53.9991403,32.6811466 53.9991403,32.7661262 54.0038573,32.8509091 C54.0474892,32.8727273 54.120209,32.8509091 54.2074728,32.8181818 L54.2074728,32.8181818 C54.1486242,32.8460788 54.0829129,32.8561892 54.0184013,32.8472727 L54.0184013,32.6581818 C54.0131242,32.6354539 54.0131242,32.6118189 54.0184013,32.5890909 L54.0038573,32.5963636 Z M56.6544947,32.6181818 C56.727007,32.6702846 56.8173376,32.691233 56.9053781,32.6763636 C56.9053781,32.6763636 56.9053781,32.6763636 56.9053781,32.6763636 C56.9053781,32.6763636 56.9053781,32.6763636 56.9053781,32.6763636 C56.8155808,32.6939974 56.7225664,32.6714058 56.6508587,32.6145455 L56.6544947,32.6181818 Z M55.8291248,34.2872727 C56.0456038,34.499488 56.3570112,34.5835491 56.6508587,34.5090909 C56.6673247,34.5918849 56.6390874,34.6772426 56.5764965,34.7338783 C56.5139056,34.790514 56.4261655,34.8100989 56.3454355,34.7854545 C56.0977021,34.7217648 55.9016435,34.5325903 55.8291248,34.2872727 L55.8291248,34.2872727 Z M55.0437507,34.3454545 C54.9365519,34.571656 54.7484238,34.7494228 54.516532,34.8436364 C54.3274605,34.8909091 54.1529329,34.8 54.2183808,34.5527273 C54.5105066,34.6469631 54.8307921,34.5665308 55.0437507,34.3454545 L55.0437507,34.3454545 Z" id="path3358" fill="#FFFFFF"></path>
                <path d="M51.9640664,34.5781818 C52.0569183,34.611488 52.1584577,34.611488 52.2513097,34.5781818 C52.2840336,34.6145455 52.2513097,34.7454545 52.3458454,34.8436364 C52.2840336,34.8690909 51.9567944,34.7672727 51.9822463,34.5854545 L51.9640664,34.5781818 Z" id="path3413" fill="#F6D155"></path>
                <path d="M51.8258987,33.8727273 C51.8658946,34.0036364 51.9822463,34.0145455 52.0295142,34.0436364 C52.0767821,34.0727273 51.8986185,34.0909091 51.8949826,34.2690909 C51.8077188,34.2618182 51.6840951,34.0545455 51.8258987,33.8727273 Z" id="path3415" fill="#F6D155"></path>
                <path d="M52.4803771,34.9490909 C52.5699497,34.9608217 52.6606812,34.9387846 52.7348965,34.8872727 C52.7695183,34.9543622 52.8241615,35.009011 52.8912441,35.0436364 C52.8621561,35.16 52.4731051,35.1345455 52.4803771,34.9490909 L52.4803771,34.9490909 Z" id="path3417" fill="#F6D155"></path>
                <path d="M53.709342,34.5127273 C53.709342,34.4945455 53.5166345,34.5127273 53.4839106,34.4872727 C53.4620947,34.5163636 53.4548227,34.6072727 53.3857388,34.6436364 C53.4293707,34.7236364 53.734794,34.6981818 53.709342,34.5127273 Z" id="path3419" fill="#F6D155"></path>
                <path d="M57.1271735,34.4036364 C57.2253453,34.4254545 57.341697,34.3636364 57.3998728,34.36 C57.4178573,34.4302864 57.4718751,34.4856949 57.5416765,34.5054545 C57.4764014,34.5577227 57.3905379,34.5766683 57.3093318,34.556721 C57.2281258,34.5367736 57.1608088,34.4802008 57.1271735,34.4036364 L57.1271735,34.4036364 Z" id="path3424" fill="#F6D155"></path>
                <path d="M58.2106988,34.8436364 C58.1668252,34.8868071 58.1180072,34.9246449 58.0652592,34.9563636 C58.1888829,35.0654545 58.4288583,34.9563636 58.4288583,34.8363636 C58.4034063,34.7927273 58.3306865,34.8836364 58.2106988,34.8436364 Z" id="path3426" fill="#F6D155"></path>
                <path d="M58.6833776,34.4581818 C58.6874503,34.5371366 58.6763417,34.6161398 58.6506537,34.6909091 C58.7197376,34.7381818 58.8979011,34.6254545 58.9160811,34.4545455 C58.8979011,34.4145455 58.8215453,34.4872727 58.6833776,34.4545455 L58.6833776,34.4581818 Z" id="path3428" fill="#F6D155"></path>
                <path d="M59.0106168,33.6618182 C58.959713,33.6618182 58.9888009,33.8509091 58.930625,33.9054545 C58.9802842,33.9456133 59.0200859,33.9966144 59.0469767,34.0545455 C59.1041832,34.0023096 59.1336041,33.9262793 59.1264621,33.8491378 C59.1193201,33.7719963 59.0764408,33.7026612 59.0106168,33.6618182 Z" id="path3430" fill="#F6D155"></path>
                <path d="M54.4656282,26.8654545 C54.1711129,26.3054545 55.0182988,26.2036364 55.1055626,26.6690909 C55.2422423,26.6799322 55.3755605,26.7169688 55.4982496,26.7781818 C55.8618487,27.04 55.6400532,27.1890909 55.5673334,27.1781818 C55.4000778,27.1781818 55.3673539,27.0181818 55.1237425,27.08 C55.0655667,27.1018182 55.0619307,27.1345455 55.0328427,27.1309091 C54.8874031,27.0945455 55.1564664,26.8 55.4437097,27.0109091 C55.4691617,27.0327273 55.5273375,27.0109091 55.4764336,26.9381818 C55.2837261,26.7454545 54.9492149,26.8509091 54.8764951,26.8690909 C54.8268475,26.8062309 54.7511582,26.7695601 54.6710616,26.7695601 C54.5909651,26.7695601 54.5152758,26.8062309 54.4656282,26.8690909 L54.4656282,26.8654545 Z" id="path3665" fill="#F6D155"></path>
                <path d="M55.4437097,12.9818182 C52.8985161,12.9818182 47.688141,12.2072727 44.2957615,9.29090909 C42.4730397,7.78716385 41.3714533,5.58244434 41.263345,3.22181818 C43.0595246,2.62181818 49.0698176,2.00363636 55.4437097,2.00363636 C61.8176018,2.00363636 67.8315309,2.62181818 69.6240744,3.22181818 C69.1768475,11.2109091 59.3014961,12.9818182 55.4437097,12.9818182 Z" id="Path" fill="#9B9B9E" fill-rule="nonzero"></path>
                <path d="M55.4437097,2.90909091 C60.8976961,2.90909091 66.3844065,3.4 68.6459928,3.89818182 C68.2642138,6.50909091 66.6498338,8.57454545 63.8355768,10.0472727 C61.2238013,11.3388758 58.3570075,12.0320452 55.4437097,12.0763636 C53.1930313,12.0763636 48.0881,11.3490909 44.899336,8.6 C43.4508408,7.43087134 42.4996817,5.7557762 42.2377906,3.91272727 C44.499377,3.41454545 49.9824513,2.92363636 55.4437097,2.92363636 M55.4437097,1.10545455 C49.4770486,1.10545455 41.7469318,1.72363636 40.3361674,2.66909091 C40.2811567,5.49749168 41.5211663,8.19606119 43.703095,9.99636364 C47.2081902,13.0036364 52.5821848,13.8945455 55.4437097,13.8945455 C59.9196146,13.8945455 70.5512521,11.6836364 70.5512521,2.65454545 C69.1404876,1.70909091 61.4103709,1.09090909 55.4437097,1.09090909 L55.4437097,1.10545455 Z" id="Shape" fill="#F9F9F9" fill-rule="nonzero"></path>
            </g>
        </g>
    </g>
</svg>
